1024
  0.0000000000000000  0.0000000000000000
  0.0000000000000000  0.0158666295635848
  0.0000000000000000  0.0317332591271696
  0.0000000000000000  0.0475998886907544
  0.0000000000000000  0.0634665182543393
  0.0000000000000000  0.0793331478179241
  0.0000000000000000  0.0951997773815089
  0.0000000000000000  0.1110664069450937
  0.0000000000000000  0.1269330365086785
  0.0000000000000000  0.1427996660722633
  0.0000000000000000  0.1586662956358481
  0.0000000000000000  0.1745329251994329
  0.0000000000000000  0.1903995547630178
  0.0000000000000000  0.2062661843266026
  0.0000000000000000  0.2221328138901874
  0.0000000000000000  0.2379994434537722
  0.0000000000000000  0.2538660730173570
  0.0000000000000000  0.2697327025809418
  0.0000000000000000  0.2855993321445267
  0.0000000000000000  0.3014659617081115
  0.0000000000000000  0.3173325912716963
  0.0000000000000000  0.3331992208352811
  0.0000000000000000  0.3490658503988658
  0.0000000000000000  0.3649324799624507
  0.0000000000000000  0.3807991095260355
  0.0000000000000000  0.3966657390896204
  0.0000000000000000  0.4125323686532052
  0.0000000000000000  0.4283989982167900
  0.0000000000000000  0.4442656277803748
  0.0000000000000000  0.4601322573439596
  0.0000000000000000  0.4759988869075444
  0.0000000000000000  0.4918655164711292
  0.0000000000000000  0.5077321460347141
  0.0000000000000000  0.5235987755982988
  0.0000000000000000  0.5394654051618837
  0.0000000000000000  0.5553320347254684
  0.0000000000000000  0.5711986642890533
  0.0000000000000000  0.5870652938526382
  0.0000000000000000  0.6029319234162229
  0.0000000000000000  0.6187985529798077
  0.0000000000000000  0.6346651825433925
  0.0000000000000000  0.6505318121069773
  0.0000000000000000  0.6663984416705622
  0.0000000000000000  0.6822650712341469
  0.0000000000000000  0.6981317007977317
  0.0000000000000000  0.7139983303613167
  0.0000000000000000  0.7298649599249014
  0.0000000000000000  0.7457315894884863
  0.0000000000000000  0.7615982190520710
  0.0000000000000000  0.7774648486156558
  0.0000000000000000  0.7933314781792408
  0.0000000000000000  0.8091981077428255
  0.0000000000000000  0.8250647373064104
  0.0000000000000000  0.8409313668699951
  0.0000000000000000  0.8567979964335799
  0.0000000000000000  0.8726646259971648
  0.0000000000000000  0.8885312555607495
  0.0000000000000000  0.9043978851243343
  0.0000000000000000  0.9202645146879193
  0.0000000000000000  0.9361311442515040
  0.0000000000000000  0.9519977738150888
  0.0000000000000000  0.9678644033786736
  0.0000000000000000  0.9837310329422584
  0.0000000000000000  0.9995976625058434
  0.0000000000000000  1.0154642920694281
  0.0000000000000000  1.0313309216330129
  0.0000000000000000  1.0471975511965976
  0.0000000000000000  1.0630641807601826
  0.0000000000000000  1.0789308103237674
  0.0000000000000000  1.0947974398873521
  0.0000000000000000  1.1106640694509369
  0.0000000000000000  1.1265306990145219
  0.0000000000000000  1.1423973285781066
  0.0000000000000000  1.1582639581416914
  0.0000000000000000  1.1741305877052763
  0.0000000000000000  1.1899972172688611
  0.0000000000000000  1.2058638468324459
  0.0000000000000000  1.2217304763960306
  0.0000000000000000  1.2375971059596154
  0.0000000000000000  1.2534637355232003
  0.0000000000000000  1.2693303650867851
  0.0000000000000000  1.2851969946503699
  0.0000000000000000  1.3010636242139546
  0.0000000000000000  1.3169302537775396
  0.0000000000000000  1.3327968833411243
  0.0000000000000000  1.3486635129047091
  0.0000000000000000  1.3645301424682938
  0.0000000000000000  1.3803967720318786
  0.0000000000000000  1.3962634015954634
  0.0000000000000000  1.4121300311590486
  0.0000000000000000  1.4279966607226333
  0.0000000000000000  1.4438632902862181
  0.0000000000000000  1.4597299198498028
  0.0000000000000000  1.4755965494133876
  0.0000000000000000  1.4914631789769726
  0.0000000000000000  1.5073298085405573
  0.0000000000000000  1.5231964381041421
  0.0000000000000000  1.5390630676677268
  0.0000000000000000  1.5549296972313116
  0.0000000000000000  1.5707963267948968
  0.0000000000000000  1.5866629563584815
  0.0000000000000000  1.6025295859220663
  0.0000000000000000  1.6183962154856510
  0.0000000000000000  1.6342628450492358
  0.0000000000000000  1.6501294746128208
  0.0000000000000000  1.6659961041764055
  0.0000000000000000  1.6818627337399903
  0.0000000000000000  1.6977293633035750
  0.0000000000000000  1.7135959928671598
  0.0000000000000000  1.7294626224307446
  0.0000000000000000  1.7453292519943295
  0.0000000000000000  1.7611958815579143
  0.0000000000000000  1.7770625111214990
  0.0000000000000000  1.7929291406850838
  0.0000000000000000  1.8087957702486686
  0.0000000000000000  1.8246623998122538
  0.0000000000000000  1.8405290293758385
  0.0000000000000000  1.8563956589394233
  0.0000000000000000  1.8722622885030080
  0.0000000000000000  1.8881289180665928
  0.0000000000000000  1.9039955476301775
  0.0000000000000000  1.9198621771937625
  0.0000000000000000  1.9357288067573473
  0.0000000000000000  1.9515954363209320
  0.0000000000000000  1.9674620658845168
  0.0000000000000000  1.9833286954481015
  0.0000000000000000  1.9991953250116867
  0.0000000000000000  2.0150619545752715
  0.0000000000000000  2.0309285841388562
  0.0000000000000000  2.0467952137024410
  0.0000000000000000  2.0626618432660258
  0.0000000000000000  2.0785284728296105
  0.0000000000000000  2.0943951023931953
  0.0000000000000000  2.1102617319567805
  0.0000000000000000  2.1261283615203652
  0.0000000000000000  2.1419949910839500
  0.0000000000000000  2.1578616206475347
  0.0000000000000000  2.1737282502111195
  0.0000000000000000  2.1895948797747042
  0.0000000000000000  2.2054615093382890
  0.0000000000000000  2.2213281389018737
  0.0000000000000000  2.2371947684654585
  0.0000000000000000  2.2530613980290437
  0.0000000000000000  2.2689280275926285
  0.0000000000000000  2.2847946571562132
  0.0000000000000000  2.3006612867197980
  0.0000000000000000  2.3165279162833827
  0.0000000000000000  2.3323945458469679
  0.0000000000000000  2.3482611754105527
  0.0000000000000000  2.3641278049741374
  0.0000000000000000  2.3799944345377222
  0.0000000000000000  2.3958610641013069
  0.0000000000000000  2.4117276936648917
  0.0000000000000000  2.4275943232284765
  0.0000000000000000  2.4434609527920612
  0.0000000000000000  2.4593275823556460
  0.0000000000000000  2.4751942119192307
  0.0000000000000000  2.4910608414828155
  0.0000000000000000  2.5069274710464007
  0.0000000000000000  2.5227941006099854
  0.0000000000000000  2.5386607301735702
  0.0000000000000000  2.5545273597371549
  0.0000000000000000  2.5703939893007397
  0.0000000000000000  2.5862606188643245
  0.0000000000000000  2.6021272484279092
  0.0000000000000000  2.6179938779914940
  0.0000000000000000  2.6338605075550792
  0.0000000000000000  2.6497271371186639
  0.0000000000000000  2.6655937666822487
  0.0000000000000000  2.6814603962458334
  0.0000000000000000  2.6973270258094182
  0.0000000000000000  2.7131936553730029
  0.0000000000000000  2.7290602849365877
  0.0000000000000000  2.7449269145001725
  0.0000000000000000  2.7607935440637572
  0.0000000000000000  2.7766601736273420
  0.0000000000000000  2.7925268031909267
  0.0000000000000000  2.8083934327545124
  0.0000000000000000  2.8242600623180971
  0.0000000000000000  2.8401266918816819
  0.0000000000000000  2.8559933214452666
  0.0000000000000000  2.8718599510088514
  0.0000000000000000  2.8877265805724361
  0.0000000000000000  2.9035932101360209
  0.0000000000000000  2.9194598396996057
  0.0000000000000000  2.9353264692631904
  0.0000000000000000  2.9511930988267752
  0.0000000000000000  2.9670597283903604
  0.0000000000000000  2.9829263579539451
  0.0000000000000000  2.9987929875175299
  0.0000000000000000  3.0146596170811146
  0.0000000000000000  3.0305262466446994
  0.0000000000000000  3.0463928762082841
  0.0000000000000000  3.0622595057718689
  0.0000000000000000  3.0781261353354537
  0.0000000000000000  3.0939927648990384
  0.0000000000000000  3.1098593944626232
  0.0000000000000000  3.1257260240262079
  0.0000000000000000  3.1415926535897931
  0.0000000000000000  3.1415926535897931
  0.0000000000000000  3.1415926535897931
  0.0000000000000000  3.1415926535897931
  0.0000000000000000  3.1415926535897931
  0.0000000000000000  3.1415926535897931
  0.0000000000000000  3.1415926535897931
  0.0000000000000000  3.1415926535897931
  0.0000000000000000  3.1415926535897931
  0.0000000000000000  3.1415926535897931
  0.0000000000000000  3.1415926535897931
  0.0000000000000000  3.1415926535897931
  0.0000000000000000  3.1415926535897931
  0.0000000000000000  3.1415926535897931
  0.0000000000000000  3.1415926535897931
  0.0000000000000000  3.1415926535897931
  0.0000000000000000  3.1415926535897931
  0.0000000000000000  3.1415926535897931
  0.0000000000000000  3.1415926535897931
  0.0000000000000000  3.1415926535897931
  0.0000000000000000  3.1415926535897931
  0.0000000000000000  3.1415926535897931
  0.0000000000000000  3.1415926535897931
  0.0000000000000000  3.1415926535897931
  0.0000000000000000  3.1415926535897931
  0.0000000000000000  3.1415926535897931
  0.0000000000000000  3.1415926535897931
  0.0000000000000000  3.1415926535897931
  0.0000000000000000  3.1415926535897931
  0.0000000000000000  3.1415926535897931
  0.0000000000000000  3.1415926535897931
  0.0000000000000000  3.1415926535897931
  0.0000000000000000  3.1415926535897931
  0.0000000000000000  3.1415926535897931
  0.0000000000000000  3.1415926535897931
  0.0000000000000000  3.1415926535897931
  0.0000000000000000  3.1415926535897931
  0.0000000000000000  3.1415926535897931
  0.0000000000000000  3.1415926535897931
  0.0000000000000000  3.1415926535897931
  0.0000000000000000  3.1415926535897931
  0.0000000000000000  3.1415926535897931
  0.0000000000000000  3.1415926535897931
  0.0000000000000000  3.1415926535897931
  0.0000000000000000  3.1415926535897931
  0.0000000000000000  3.1415926535897931
  0.0000000000000000  3.1415926535897931
  0.0000000000000000  3.1415926535897931
  0.0000000000000000  3.1415926535897931
  0.0000000000000000  3.1415926535897931
  0.0000000000000000  3.1415926535897931
  0.0000000000000000  3.1415926535897931
  0.0000000000000000  3.1415926535897931
  0.0000000000000000  3.1415926535897931
  0.0000000000000000  3.1415926535897931
  0.0000000000000000  3.1415926535897931
  0.0000000000000000  3.1415926535897931
  0.0000000000000000  3.1415926535897931
  0.0000000000000000  3.1415926535897931
  0.0000000000000000  3.1415926535897931
  0.0000000000000000  3.1415926535897931
  0.0000000000000000  3.1415926535897931
  0.0000000000000000  3.1415926535897931
  0.0000000000000000  3.1415926535897931
  0.0000000000000000  3.1415926535897931
  0.0000000000000000  3.1415926535897931
  0.0000000000000000  3.1415926535897931
  0.0000000000000000  3.1415926535897931
  0.0000000000000000  3.1415926535897931
  0.0000000000000000  3.1415926535897931
  0.0000000000000000  3.1415926535897931
  0.0000000000000000  3.1415926535897931
  0.0000000000000000  3.1415926535897931
  0.0000000000000000  3.1415926535897931
  0.0000000000000000  3.1415926535897931
  0.0000000000000000  3.1415926535897931
  0.0000000000000000  3.1415926535897931
  0.0000000000000000  3.1415926535897931
  0.0000000000000000  3.1415926535897931
  0.0000000000000000  3.1415926535897931
  0.0000000000000000  3.1415926535897931
  0.0000000000000000  3.1415926535897931
  0.0000000000000000  3.1415926535897931
  0.0000000000000000  3.1415926535897931
  0.0000000000000000  3.1415926535897931
  0.0000000000000000  3.1415926535897931
  0.0000000000000000  3.1415926535897931
  0.0000000000000000  3.1415926535897931
  0.0000000000000000  3.1415926535897931
  0.0000000000000000  3.1415926535897931
  0.0000000000000000  3.1415926535897931
  0.0000000000000000  3.1415926535897931
  0.0000000000000000  3.1415926535897931
  0.0000000000000000  3.1415926535897931
  0.0000000000000000  3.1415926535897931
  0.0000000000000000  3.1415926535897931
  0.0000000000000000  3.1415926535897931
  0.0000000000000000  3.1415926535897931
  0.0000000000000000  3.1415926535897931
  0.0000000000000000  3.1415926535897931
  0.0000000000000000  3.1415926535897931
  0.0000000000000000  3.1415926535897931
  0.0000000000000000  3.1415926535897931
  0.0000000000000000  3.1415926535897931
  0.0000000000000000  3.1415926535897931
  0.0000000000000000  3.1415926535897931
  0.0000000000000000  3.1415926535897931
  0.0000000000000000  3.1415926535897931
  0.0000000000000000  3.1415926535897931
  0.0000000000000000  3.1415926535897931
  0.0000000000000000  3.1415926535897931
  0.0000000000000000  3.1415926535897931
  0.0000000000000000  3.1415926535897931
  0.0000000000000000  3.1415926535897931
  0.0000000000000000  3.1415926535897931
  0.0000000000000000  3.1415926535897931
  0.0000000000000000  3.1415926535897931
  0.0000000000000000  3.1415926535897931
  0.0000000000000000  3.1415926535897931
  0.0000000000000000  3.1415926535897931
  0.0000000000000000  3.1415926535897931
  0.0000000000000000  3.1415926535897931
  0.0000000000000000  3.1415926535897931
  0.0000000000000000  3.1415926535897931
  0.0000000000000000  3.1415926535897931
  0.0000000000000000  3.1415926535897931
  0.0000000000000000  3.1415926535897931
  0.0000000000000000  3.1415926535897931
  0.0000000000000000  3.1415926535897931
  0.0000000000000000  3.1415926535897931
  0.0000000000000000  3.1415926535897931
  0.0000000000000000  3.1415926535897931
  0.0000000000000000  3.1415926535897931
  0.0000000000000000  3.1415926535897931
  0.0000000000000000  3.1415926535897931
  0.0000000000000000  3.1415926535897931
  0.0000000000000000  3.1415926535897931
  0.0000000000000000  3.1415926535897931
  0.0000000000000000  3.1415926535897931
  0.0000000000000000  3.1415926535897931
  0.0000000000000000  3.1415926535897931
  0.0000000000000000  3.1415926535897931
  0.0000000000000000  3.1415926535897931
  0.0000000000000000  3.1415926535897931
  0.0000000000000000  3.1415926535897931
  0.0000000000000000  3.1415926535897931
  0.0000000000000000  3.1415926535897931
  0.0000000000000000  3.1415926535897931
  0.0000000000000000  3.1415926535897931
  0.0000000000000000  3.1415926535897931
  0.0000000000000000  3.1415926535897931
  0.0000000000000000  3.1415926535897931
  0.0000000000000000  3.1415926535897931
  0.0000000000000000  3.1415926535897931
  0.0000000000000000  3.1415926535897931
  0.0000000000000000  3.1415926535897931
  0.0000000000000000  3.1415926535897931
  0.0000000000000000  3.1415926535897931
  0.0000000000000000  3.1415926535897931
  0.0000000000000000  3.1415926535897931
  0.0000000000000000  3.1415926535897931
  0.0000000000000000  3.1415926535897931
  0.0000000000000000  3.1415926535897931
  0.0000000000000000  3.1415926535897931
  0.0000000000000000  3.1415926535897931
  0.0000000000000000  3.1415926535897931
  0.0000000000000000  3.1415926535897931
  0.0000000000000000  3.1415926535897931
  0.0000000000000000  3.1415926535897931
  0.0000000000000000  3.1415926535897931
  0.0000000000000000  3.1415926535897931
  0.0000000000000000  3.1415926535897931
  0.0000000000000000  3.1415926535897931
  0.0000000000000000  3.1415926535897931
  0.0000000000000000  3.1415926535897931
  0.0000000000000000  3.1415926535897931
  0.0000000000000000  3.1415926535897931
  0.0000000000000000  3.1415926535897931
  0.0000000000000000  3.1415926535897931
  0.0000000000000000  3.1415926535897931
  0.0000000000000000  3.1415926535897931
  0.0000000000000000  3.1415926535897931
  0.0000000000000000  3.1415926535897931
  0.0000000000000000  3.1415926535897931
  0.0000000000000000  3.1415926535897931
  0.0000000000000000  3.1415926535897931
  0.0000000000000000  3.1415926535897931
  0.0000000000000000  3.1415926535897931
  0.0000000000000000  3.1415926535897931
  0.0000000000000000  3.1415926535897931
  0.0000000000000000  3.1415926535897931
  0.0000000000000000  3.1415926535897931
  0.0000000000000000  3.1415926535897931
  0.0000000000000000  3.1415926535897931
  0.0000000000000000  3.1415926535897931
  0.0000000000000000  3.1415926535897931
  0.0000000000000000  3.1415926535897931
  0.0000000000000000  3.1415926535897931
  0.0000000000000000  3.1415926535897931
  0.0000000000000000  3.1304126085592245
  0.0000000000000000  3.1192325635286560
  0.0000000000000000  3.1080525184980869
  0.0000000000000000  3.0968724734675184
  0.0000000000000000  3.0856924284369498
  0.0000000000000000  3.0745123834063812
  0.0000000000000000  3.0633323383758126
  0.0000000000000000  3.0521522933452436
  0.0000000000000000  3.0409722483146751
  0.0000000000000000  3.0297922032841065
  0.0000000000000000  3.0186121582535379
  0.0000000000000000  3.0074321132229693
  0.0000000000000000  2.9962520681924003
  0.0000000000000000  2.9850720231618317
  0.0000000000000000  2.9738919781312632
  0.0000000000000000  2.9627119331006946
  0.0000000000000000  2.9515318880701260
  0.0000000000000000  2.9403518430395574
  0.0000000000000000  2.9291717980089884
  0.0000000000000000  2.9179917529784198
  0.0000000000000000  2.9068117079478513
  0.0000000000000000  2.8956316629172827
  0.0000000000000000  2.8844516178867141
  0.0000000000000000  2.8732715728561455
  0.0000000000000000  2.8620915278255765
  0.0000000000000000  2.8509114827950079
  0.0000000000000000  2.8397314377644394
  0.0000000000000000  2.8285513927338708
  0.0000000000000000  2.8173713477033022
  0.0000000000000000  2.8061913026727332
  0.0000000000000000  2.7950112576421646
  0.0000000000000000  2.7838312126115961
  0.0000000000000000  2.7726511675810275
  0.0000000000000000  2.7614711225504589
  0.0000000000000000  2.7502910775198899
  0.0000000000000000  2.7391110324893213
  0.0000000000000000  2.7279309874587527
  0.0000000000000000  2.7167509424281842
  0.0000000000000000  2.7055708973976156
  0.0000000000000000  2.6943908523670466
  0.0000000000000000  2.6832108073364780
  0.0000000000000000  2.6720307623059094
  0.0000000000000000  2.6608507172753408
  0.0000000000000000  2.6496706722447723
  0.0000000000000000  2.6384906272142032
  0.0000000000000000  2.6273105821836351
  0.0000000000000000  2.6161305371530661
  0.0000000000000000  2.6049504921224975
  0.0000000000000000  2.5937704470919289
  0.0000000000000000  2.5825904020613599
  0.0000000000000000  2.5714103570307918
  0.0000000000000000  2.5602303120002228
  0.0000000000000000  2.5490502669696542
  0.0000000000000000  2.5378702219390856
  0.0000000000000000  2.5266901769085166
  0.0000000000000000  2.5155101318779485
  0.0000000000000000  2.5043300868473795
  0.0000000000000000  2.4931500418168109
  0.0000000000000000  2.4819699967862423
  0.0000000000000000  2.4707899517556737
  0.0000000000000000  2.4596099067251052
  0.0000000000000000  2.4484298616945361
  0.0000000000000000  2.4372498166639676
  0.0000000000000000  2.4260697716333990
  0.0000000000000000  2.4148897266028304
  0.0000000000000000  2.4037096815722618
  0.0000000000000000  2.3925296365416928
  0.0000000000000000  2.3813495915111242
  0.0000000000000000  2.3701695464805557
  0.0000000000000000  2.3589895014499871
  0.0000000000000000  2.3478094564194185
  0.0000000000000000  2.3366294113888495
  0.0000000000000000  2.3254493663582809
  0.0000000000000000  2.3142693213277123
  0.0000000000000000  2.3030892762971438
  0.0000000000000000  2.2919092312665752
  0.0000000000000000  2.2807291862360062
  0.0000000000000000  2.2695491412054376
  0.0000000000000000  2.2583690961748690
  0.0000000000000000  2.2471890511443005
  0.0000000000000000  2.2360090061137319
  0.0000000000000000  2.2248289610831633
  0.0000000000000000  2.2136489160525943
  0.0000000000000000  2.2024688710220257
  0.0000000000000000  2.1912888259914571
  0.0000000000000000  2.1801087809608886
  0.0000000000000000  2.1689287359303200
  0.0000000000000000  2.1577486908997514
  0.0000000000000000  2.1465686458691824
  0.0000000000000000  2.1353886008386138
  0.0000000000000000  2.1242085558080452
  0.0000000000000000  2.1130285107774767
  0.0000000000000000  2.1018484657469081
  0.0000000000000000  2.0906684207163391
  0.0000000000000000  2.0794883756857705
  0.0000000000000000  2.0683083306552019
  0.0000000000000000  2.0571282856246333
  0.0000000000000000  2.0459482405940648
  0.0000000000000000  2.0347681955634958
  0.0000000000000000  2.0235881505329272
  0.0000000000000000  2.0124081055023586
  0.0000000000000000  2.0012280604717900
  0.0000000000000000  1.9900480154412212
  0.0000000000000000  1.9788679704106524
  0.0000000000000000  1.9676879253800839
  0.0000000000000000  1.9565078803495153
  0.0000000000000000  1.9453278353189467
  0.0000000000000000  1.9341477902883779
  0.0000000000000000  1.9229677452578093
  0.0000000000000000  1.9117877002272405
  0.0000000000000000  1.9006076551966720
  0.0000000000000000  1.8894276101661034
  0.0000000000000000  1.8782475651355348
  0.0000000000000000  1.8670675201049660
  0.0000000000000000  1.8558874750743972
  0.0000000000000000  1.8447074300438286
  0.0000000000000000  1.8335273850132601
  0.0000000000000000  1.8223473399826915
  0.0000000000000000  1.8111672949521227
  0.0000000000000000  1.7999872499215541
  0.0000000000000000  1.7888072048909853
  0.0000000000000000  1.7776271598604168
  0.0000000000000000  1.7664471148298482
  0.0000000000000000  1.7552670697992794
  0.0000000000000000  1.7440870247687108
  0.0000000000000000  1.7329069797381420
  0.0000000000000000  1.7217269347075734
  0.0000000000000000  1.7105468896770049
  0.0000000000000000  1.6993668446464363
  0.0000000000000000  1.6881867996158675
  0.0000000000000000  1.6770067545852987
  0.0000000000000000  1.6658267095547301
  0.0000000000000000  1.6546466645241615
  0.0000000000000000  1.6434666194935930
  0.0000000000000000  1.6322865744630242
  0.0000000000000000  1.6211065294324554
  0.0000000000000000  1.6099264844018868
  0.0000000000000000  1.5987464393713182
  0.0000000000000000  1.5875663943407496
  0.0000000000000000  1.5763863493101808
  0.0000000000000000  1.5652063042796123
  0.0000000000000000  1.5540262592490435
  0.0000000000000000  1.5428462142184749
  0.0000000000000000  1.5316661691879063
  0.0000000000000000  1.5204861241573375
  0.0000000000000000  1.5093060791267690
  0.0000000000000000  1.4981260340962002
  0.0000000000000000  1.4869459890656316
  0.0000000000000000  1.4757659440350630
  0.0000000000000000  1.4645858990044944
  0.0000000000000000  1.4534058539739256
  0.0000000000000000  1.4422258089433571
  0.0000000000000000  1.4310457639127883
  0.0000000000000000  1.4198657188822197
  0.0000000000000000  1.4086856738516511
  0.0000000000000000  1.3975056288210823
  0.0000000000000000  1.3863255837905137
  0.0000000000000000  1.3751455387599449
  0.0000000000000000  1.3639654937293764
  0.0000000000000000  1.3527854486988078
  0.0000000000000000  1.3416054036682390
  0.0000000000000000  1.3304253586376704
  0.0000000000000000  1.3192453136071018
  0.0000000000000000  1.3080652685765333
  0.0000000000000000  1.2968852235459647
  0.0000000000000000  1.2857051785153957
  0.0000000000000000  1.2745251334848269
  0.0000000000000000  1.2633450884542583
  0.0000000000000000  1.2521650434236897
  0.0000000000000000  1.2409849983931212
  0.0000000000000000  1.2298049533625526
  0.0000000000000000  1.2186249083319838
  0.0000000000000000  1.2074448633014152
  0.0000000000000000  1.1962648182708466
  0.0000000000000000  1.1850847732402781
  0.0000000000000000  1.1739047282097095
  0.0000000000000000  1.1627246831791402
  0.0000000000000000  1.1515446381485717
  0.0000000000000000  1.1403645931180031
  0.0000000000000000  1.1291845480874345
  0.0000000000000000  1.1180045030568659
  0.0000000000000000  1.1068244580262974
  0.0000000000000000  1.0956444129957288
  0.0000000000000000  1.0844643679651602
  0.0000000000000000  1.0732843229345912
  0.0000000000000000  1.0621042779040226
  0.0000000000000000  1.0509242328734536
  0.0000000000000000  1.0397441878428850
  0.0000000000000000  1.0285641428123165
  0.0000000000000000  1.0173840977817479
  0.0000000000000000  1.0062040527511793
  0.0000000000000000  0.9950240077206107
  0.0000000000000000  0.9838439626900422
  0.0000000000000000  0.9726639176594736
  0.0000000000000000  0.9614838726289046
  0.0000000000000000  0.9503038275983360
  0.0000000000000000  0.9391237825677674
  0.0000000000000000  0.9279437375371984
  0.0000000000000000  0.9167636925066298
  0.0000000000000000  0.9055836474760612
  0.0000000000000000  0.8944036024454927
  0.0000000000000000  0.8832235574149241
  0.0000000000000000  0.8720435123843555
  0.0000000000000000  0.8608634673537869
  0.0000000000000000  0.8496834223232184
  0.0000000000000000  0.8385033772926493
  0.0000000000000000  0.8273233322620808
  0.0000000000000000  0.8161432872315117
  0.0000000000000000  0.8049632422009432
  0.0000000000000000  0.7937831971703746
  0.0000000000000000  0.7826031521398060
  0.0000000000000000  0.7714231071092374
  0.0000000000000000  0.7602430620786689
  0.0000000000000000  0.7490630170481003
  0.0000000000000000  0.7378829720175317
  0.0000000000000000  0.7267029269869627
  0.0000000000000000  0.7155228819563941
  0.0000000000000000  0.7043428369258256
  0.0000000000000000  0.6931627918952565
  0.0000000000000000  0.6819827468646880
  0.0000000000000000  0.6708027018341194
  0.0000000000000000  0.6596226568035508
  0.0000000000000000  0.6484426117729822
  0.0000000000000000  0.6372625667424137
  0.0000000000000000  0.6260825217118451
  0.0000000000000000  0.6149024766812765
  0.0000000000000000  0.6037224316507075
  0.0000000000000000  0.5925423866201389
  0.0000000000000000  0.5813623415895703
  0.0000000000000000  0.5701822965590013
  0.0000000000000000  0.5590022515284327
  0.0000000000000000  0.5478222064978642
  0.0000000000000000  0.5366421614672956
  0.0000000000000000  0.5254621164367270
  0.0000000000000000  0.5142820714061584
  0.0000000000000000  0.5031020263755899
  0.0000000000000000  0.4919219813450209
  0.0000000000000000  0.4807419363144523
  0.0000000000000000  0.4695618912838837
  0.0000000000000000  0.4583818462533151
  0.0000000000000000  0.4472018012227461
  0.0000000000000000  0.4360217561921775
  0.0000000000000000  0.4248417111616090
  0.0000000000000000  0.4136616661310404
  0.0000000000000000  0.4024816211004718
  0.0000000000000000  0.3913015760699032
  0.0000000000000000  0.3801215310393347
  0.0000000000000000  0.3689414860087656
  0.0000000000000000  0.3577614409781971
  0.0000000000000000  0.3465813959476285
  0.0000000000000000  0.3354013509170595
  0.0000000000000000  0.3242213058864909
  0.0000000000000000  0.3130412608559223
  0.0000000000000000  0.3018612158253537
  0.0000000000000000  0.2906811707947852
  0.0000000000000000  0.2795011257642166
  0.0000000000000000  0.2683210807336480
  0.0000000000000000  0.2571410357030794
  0.0000000000000000  0.2459609906725104
  0.0000000000000000  0.2347809456419419
  0.0000000000000000  0.2236009006113733
  0.0000000000000000  0.2124208555808043
  0.0000000000000000  0.2012408105502357
  0.0000000000000000  0.1900607655196671
  0.0000000000000000  0.1788807204890985
  0.0000000000000000  0.1677006754585300
  0.0000000000000000  0.1565206304279614
  0.0000000000000000  0.1453405853973928
  0.0000000000000000  0.1341605403668238
  0.0000000000000000  0.1229804953362552
  0.0000000000000000  0.1118004503056866
  0.0000000000000000  0.1006204052751176
  0.0000000000000000  0.0894403602445490
  0.0000000000000000  0.0782603152139805
  0.0000000000000000  0.0670802701834119
  0.0000000000000000  0.0559002251528433
  0.0000000000000000  0.0447201801222747
  0.0000000000000000  0.0335401350917062
  0.0000000000000000  0.0223600900611376
  0.0000000000000000  0.0111800450305686
  0.0000000000000000  0.0000000000000000
  0.0000000000000000  0.0090797475537277
  0.0000000000000000  0.0181594951074555
  0.0000000000000000  0.0272392426611832
  0.0000000000000000  0.0363189902149109
  0.0000000000000000  0.0453987377686386
  0.0000000000000000  0.0544784853223664
  0.0000000000000000  0.0635582328760941
  0.0000000000000000  0.0726379804298218
  0.0000000000000000  0.0817177279835495
  0.0000000000000000  0.0907974755372773
  0.0000000000000000  0.0998772230910050
  0.0000000000000000  0.1089569706447327
  0.0000000000000000  0.1180367181984604
  0.0000000000000000  0.1271164657521882
  0.0000000000000000  0.1361962133059159
  0.0000000000000000  0.1452759608596436
  0.0000000000000000  0.1543557084133713
  0.0000000000000000  0.1634354559670991
  0.0000000000000000  0.1725152035208268
  0.0000000000000000  0.1815949510745545
  0.0000000000000000  0.1906746986282823
  0.0000000000000000  0.1997544461820099
  0.0000000000000000  0.2088341937357377
  0.0000000000000000  0.2179139412894654
  0.0000000000000000  0.2269936888431932
  0.0000000000000000  0.2360734363969209
  0.0000000000000000  0.2451531839506486
  0.0000000000000000  0.2542329315043763
  0.0000000000000000  0.2633126790581041
  0.0000000000000000  0.2723924266118318
  0.0000000000000000  0.2814721741655595
  0.0000000000000000  0.2905519217192872
  0.0000000000000000  0.2996316692730149
  0.0000000000000000  0.3087114168267427
  0.0000000000000000  0.3177911643804704
  0.0000000000000000  0.3268709119341981
  0.0000000000000000  0.3359506594879259
  0.0000000000000000  0.3450304070416536
  0.0000000000000000  0.3541101545953813
  0.0000000000000000  0.3631899021491090
  0.0000000000000000  0.3722696497028367
  0.0000000000000000  0.3813493972565645
  0.0000000000000000  0.3904291448102922
  0.0000000000000000  0.3995088923640199
  0.0000000000000000  0.4085886399177477
  0.0000000000000000  0.4176683874714754
  0.0000000000000000  0.4267481350252031
  0.0000000000000000  0.4358278825789308
  0.0000000000000000  0.4449076301326585
  0.0000000000000000  0.4539873776863863
  0.0000000000000000  0.4630671252401140
  0.0000000000000000  0.4721468727938418
  0.0000000000000000  0.4812266203475695
  0.0000000000000000  0.4903063679012972
  0.0000000000000000  0.4993861154550249
  0.0000000000000000  0.5084658630087526
  0.0000000000000000  0.5175456105624804
  0.0000000000000000  0.5266253581162081
  0.0000000000000000  0.5357051056699358
  0.0000000000000000  0.5447848532236635
  0.0000000000000000  0.5538646007773913
  0.0000000000000000  0.5629443483311189
  0.0000000000000000  0.5720240958848467
  0.0000000000000000  0.5811038434385745
  0.0000000000000000  0.5901835909923021
  0.0000000000000000  0.5992633385460299
  0.0000000000000000  0.6083430860997576
  0.0000000000000000  0.6174228336534854
  0.0000000000000000  0.6265025812072131
  0.0000000000000000  0.6355823287609408
  0.0000000000000000  0.6446620763146685
  0.0000000000000000  0.6537418238683963
  0.0000000000000000  0.6628215714221239
  0.0000000000000000  0.6719013189758517
  0.0000000000000000  0.6809810665295795
  0.0000000000000000  0.6900608140833071
  0.0000000000000000  0.6991405616370349
  0.0000000000000000  0.7082203091907626
  0.0000000000000000  0.7173000567444904
  0.0000000000000000  0.7263798042982180
  0.0000000000000000  0.7354595518519458
  0.0000000000000000  0.7445392994056734
  0.0000000000000000  0.7536190469594013
  0.0000000000000000  0.7626987945131291
  0.0000000000000000  0.7717785420668567
  0.0000000000000000  0.7808582896205843
  0.0000000000000000  0.7899380371743121
  0.0000000000000000  0.7990177847280397
  0.0000000000000000  0.8080975322817676
  0.0000000000000000  0.8171772798354954
  0.0000000000000000  0.8262570273892230
  0.0000000000000000  0.8353367749429508
  0.0000000000000000  0.8444165224966784
  0.0000000000000000  0.8534962700504063
  0.0000000000000000  0.8625760176041339
  0.0000000000000000  0.8716557651578617
  0.0000000000000000  0.8807355127115893
  0.0000000000000000  0.8898152602653171
  0.0000000000000000  0.8988950078190450
  0.0000000000000000  0.9079747553727726
  0.0000000000000000  0.9170545029265003
  0.0000000000000000  0.9261342504802280
  0.0000000000000000  0.9352139980339557
  0.0000000000000000  0.9442937455876835
  0.0000000000000000  0.9533734931414113
  0.0000000000000000  0.9624532406951389
  0.0000000000000000  0.9715329882488667
  0.0000000000000000  0.9806127358025943
  0.0000000000000000  0.9896924833563220
  0.0000000000000000  0.9987722309100499
  0.0000000000000000  1.0078519784637776
  0.0000000000000000  1.0169317260175053
  0.0000000000000000  1.0260114735712329
  0.0000000000000000  1.0350912211249608
  0.0000000000000000  1.0441709686786886
  0.0000000000000000  1.0532507162324163
  0.0000000000000000  1.0623304637861439
  0.0000000000000000  1.0714102113398716
  0.0000000000000000  1.0804899588935992
  0.0000000000000000  1.0895697064473271
  0.0000000000000000  1.0986494540010550
  0.0000000000000000  1.1077292015547826
  0.0000000000000000  1.1168089491085103
  0.0000000000000000  1.1258886966622379
  0.0000000000000000  1.1349684442159655
  0.0000000000000000  1.1440481917696934
  0.0000000000000000  1.1531279393234213
  0.0000000000000000  1.1622076868771489
  0.0000000000000000  1.1712874344308766
  0.0000000000000000  1.1803671819846042
  0.0000000000000000  1.1894469295383321
  0.0000000000000000  1.1985266770920597
  0.0000000000000000  1.2076064246457876
  0.0000000000000000  1.2166861721995152
  0.0000000000000000  1.2257659197532429
  0.0000000000000000  1.2348456673069708
  0.0000000000000000  1.2439254148606984
  0.0000000000000000  1.2530051624144263
  0.0000000000000000  1.2620849099681539
  0.0000000000000000  1.2711646575218816
  0.0000000000000000  1.2802444050756092
  0.0000000000000000  1.2893241526293371
  0.0000000000000000  1.2984039001830647
  0.0000000000000000  1.3074836477367926
  0.0000000000000000  1.3165633952905202
  0.0000000000000000  1.3256431428442479
  0.0000000000000000  1.3347228903979758
  0.0000000000000000  1.3438026379517034
  0.0000000000000000  1.3528823855054311
  0.0000000000000000  1.3619621330591589
  0.0000000000000000  1.3710418806128866
  0.0000000000000000  1.3801216281666142
  0.0000000000000000  1.3892013757203421
  0.0000000000000000  1.3982811232740697
  0.0000000000000000  1.4073608708277976
  0.0000000000000000  1.4164406183815252
  0.0000000000000000  1.4255203659352529
  0.0000000000000000  1.4346001134889808
  0.0000000000000000  1.4436798610427084
  0.0000000000000000  1.4527596085964360
  0.0000000000000000  1.4618393561501639
  0.0000000000000000  1.4709191037038916
  0.0000000000000000  1.4799988512576192
  0.0000000000000000  1.4890785988113469
  0.0000000000000000  1.4981583463650745
  0.0000000000000000  1.5072380939188026
  0.0000000000000000  1.5163178414725302
  0.0000000000000000  1.5253975890262581
  0.0000000000000000  1.5344773365799858
  0.0000000000000000  1.5435570841337134
  0.0000000000000000  1.5526368316874410
  0.0000000000000000  1.5617165792411687
  0.0000000000000000  1.5707963267948966
  0.0000000000000000  1.5798760743486242
  0.0000000000000000  1.5889558219023519
  0.0000000000000000  1.5980355694560795
  0.0000000000000000  1.6071153170098076
  0.0000000000000000  1.6161950645635352
  0.0000000000000000  1.6252748121172629
  0.0000000000000000  1.6343545596709907
  0.0000000000000000  1.6434343072247184
  0.0000000000000000  1.6525140547784460
  0.0000000000000000  1.6615938023321737
  0.0000000000000000  1.6706735498859016
  0.0000000000000000  1.6797532974396292
  0.0000000000000000  1.6888330449933568
  0.0000000000000000  1.6979127925470849
  0.0000000000000000  1.7069925401008126
  0.0000000000000000  1.7160722876545402
  0.0000000000000000  1.7251520352082679
  0.0000000000000000  1.7342317827619957
  0.0000000000000000  1.7433115303157234
  0.0000000000000000  1.7523912778694510
  0.0000000000000000  1.7614710254231787
  0.0000000000000000  1.7705507729769063
  0.0000000000000000  1.7796305205306342
  0.0000000000000000  1.7887102680843618
  0.0000000000000000  1.7977900156380899
  0.0000000000000000  1.8068697631918176
  0.0000000000000000  1.8159495107455452
  0.0000000000000000  1.8250292582992729
  0.0000000000000000  1.8341090058530005
  0.0000000000000000  1.8431887534067284
  0.0000000000000000  1.8522685009604560
  0.0000000000000000  1.8613482485141837
  0.0000000000000000  1.8704279960679113
  0.0000000000000000  1.8795077436216392
  0.0000000000000000  1.8885874911753671
  0.0000000000000000  1.8976672387290949
  0.0000000000000000  1.9067469862828226
  0.0000000000000000  1.9158267338365502
  0.0000000000000000  1.9249064813902779
  0.0000000000000000  1.9339862289440055
  0.0000000000000000  1.9430659764977334
  0.0000000000000000  1.9521457240514610
  0.0000000000000000  1.9612254716051887
  0.0000000000000000  1.9703052191589163
  0.0000000000000000  1.9793849667126440
  0.0000000000000000  1.9884647142663721
  0.0000000000000000  1.9975444618200997
  0.0000000000000000  2.0066242093738276
  0.0000000000000000  2.0157039569275552
  0.0000000000000000  2.0247837044812829
  0.0000000000000000  2.0338634520350105
  0.0000000000000000  2.0429431995887382
  0.0000000000000000  2.0520229471424658
  0.0000000000000000  2.0611026946961934
  0.0000000000000000  2.0701824422499215
  0.0000000000000000  2.0792621898036492
  0.0000000000000000  2.0883419373573773
  0.0000000000000000  2.0974216849111049
  0.0000000000000000  2.1065014324648326
  0.0000000000000000  2.1155811800185602
  0.0000000000000000  2.1246609275722879
  0.0000000000000000  2.1337406751260155
  0.0000000000000000  2.1428204226797432
  0.0000000000000000  2.1519001702334708
  0.0000000000000000  2.1609799177871984
  0.0000000000000000  2.1700596653409265
  0.0000000000000000  2.1791394128946542
  0.0000000000000000  2.1882191604483818
  0.0000000000000000  2.1972989080021099
  0.0000000000000000  2.2063786555558376
  0.0000000000000000  2.2154584031095652
  0.0000000000000000  2.2245381506632929
  0.0000000000000000  2.2336178982170205
  0.0000000000000000  2.2426976457707481
  0.0000000000000000  2.2517773933244758
  0.0000000000000000  2.2608571408782034
  0.0000000000000000  2.2699368884319311
  0.0000000000000000  2.2790166359856592
  0.0000000000000000  2.2880963835393868
  0.0000000000000000  2.2971761310931149
  0.0000000000000000  2.3062558786468426
  0.0000000000000000  2.3153356262005702
  0.0000000000000000  2.3244153737542979
  0.0000000000000000  2.3334951213080255
  0.0000000000000000  2.3425748688617531
  0.0000000000000000  2.3516546164154808
  0.0000000000000000  2.3607343639692084
  0.0000000000000000  2.3698141115229361
  0.0000000000000000  2.3788938590766642
  0.0000000000000000  2.3879736066303918
  0.0000000000000000  2.3970533541841195
  0.0000000000000000  2.4061331017378476
  0.0000000000000000  2.4152128492915752
  0.0000000000000000  2.4242925968453028
  0.0000000000000000  2.4333723443990305
  0.0000000000000000  2.4424520919527581
  0.0000000000000000  2.4515318395064858
  0.0000000000000000  2.4606115870602134
  0.0000000000000000  2.4696913346139415
  0.0000000000000000  2.4787710821676692
  0.0000000000000000  2.4878508297213968
  0.0000000000000000  2.4969305772751245
  0.0000000000000000  2.5060103248288526
  0.0000000000000000  2.5150900723825802
  0.0000000000000000  2.5241698199363078
  0.0000000000000000  2.5332495674900355
  0.0000000000000000  2.5423293150437631
  0.0000000000000000  2.5514090625974908
  0.0000000000000000  2.5604888101512184
  0.0000000000000000  2.5695685577049465
  0.0000000000000000  2.5786483052586742
  0.0000000000000000  2.5877280528124018
  0.0000000000000000  2.5968078003661295
  0.0000000000000000  2.6058875479198571
  0.0000000000000000  2.6149672954735852
  0.0000000000000000  2.6240470430273128
  0.0000000000000000  2.6331267905810405
  0.0000000000000000  2.6422065381347681
  0.0000000000000000  2.6512862856884958
  0.0000000000000000  2.6603660332422234
  0.0000000000000000  2.6694457807959515
  0.0000000000000000  2.6785255283496792
  0.0000000000000000  2.6876052759034068
  0.0000000000000000  2.6966850234571345
  0.0000000000000000  2.7057647710108621
  0.0000000000000000  2.7148445185645902
  0.0000000000000000  2.7239242661183178
  0.0000000000000000  2.7330040136720455
  0.0000000000000000  2.7420837612257731
  0.0000000000000000  2.7511635087795008
  0.0000000000000000  2.7602432563332284
  0.0000000000000000  2.7693230038869565
  0.0000000000000000  2.7784027514406842
  0.0000000000000000  2.7874824989944118
  0.0000000000000000  2.7965622465481395
  0.0000000000000000  2.8056419941018671
  0.0000000000000000  2.8147217416555952
  0.0000000000000000  2.8238014892093228
  0.0000000000000000  2.8328812367630505
  0.0000000000000000  2.8419609843167781
  0.0000000000000000  2.8510407318705058
  0.0000000000000000  2.8601204794242339
  0.0000000000000000  2.8692002269779615
  0.0000000000000000  2.8782799745316892
  0.0000000000000000  2.8873597220854168
  0.0000000000000000  2.8964394696391444
  0.0000000000000000  2.9055192171928721
  0.0000000000000000  2.9145989647465997
  0.0000000000000000  2.9236787123003278
  0.0000000000000000  2.9327584598540555
  0.0000000000000000  2.9418382074077831
  0.0000000000000000  2.9509179549615108
  0.0000000000000000  2.9599977025152384
  0.0000000000000000  2.9690774500689665
  0.0000000000000000  2.9781571976226937
  0.0000000000000000  2.9872369451764218
  0.0000000000000000  2.9963166927301490
  0.0000000000000000  3.0053964402838771
  0.0000000000000000  3.0144761878376052
  0.0000000000000000  3.0235559353913328
  0.0000000000000000  3.0326356829450605
  0.0000000000000000  3.0417154304987881
  0.0000000000000000  3.0507951780525162
  0.0000000000000000  3.0598749256062434
  0.0000000000000000  3.0689546731599715
  0.0000000000000000  3.0780344207136987
  0.0000000000000000  3.0871141682674268
  0.0000000000000000  3.0961939158211540
  0.0000000000000000  3.1052736633748821
  0.0000000000000000  3.1143534109286102
  0.0000000000000000  3.1234331584823374
  0.0000000000000000  3.1325129060360655
  0.0000000000000000  3.1415926535897931
